298596636
349734275
399982697
515614006
794903811
191217805
702003261
691446258
738180398
719898155
637003196
51335905
809508313
232363859
671542319
377031288
713633735
90440146
587308188
436547246
365823480
10882329
838280416
391551077
81698450
841759072
386335052
816291696
154379402
83472492
64610565
924351748
549624245
997687099
934664046
463490376
904363745
408268759
818917530
806316247
507072851
357123014
933980337
368566484
208250628
53735697
109973351
913377511
227797130
848684134
779759816
317896878
447536519
121426895
930102004
811889245
284582879
428787677
347261615
89564065
486540794
839023157
937026969
793946872
302870951
550420847
19681963
372698349
884064975
26383399
99405497
361615814
872143123
525557265
392607957
193206426
917027127
468720420
762652569
570016551
566362133
538437532
12771703
714487130
658216506
262556622
915435115
101638366
617405419
537869956
857981126
686555428
936819625
684844427
274133254
586379570
972313231
24045217
115802296
527569647
